					**********************
					GRID WITH REWARD = -1:
					**********************

----------------------------------------------------------------------------------------------------
         70.19          |          79.1          |          89.0          |         100.0          |
 70.19            79.1  | 70.19            89.0  |  79.1           100.0  |  89.0           100.0  |
         62.17          |         21.19          |          79.1          |          89.0          |
----------------------------------------------------------------------------------------------------
         70.19          |          79.1          |          89.0          |         100.0          |
 62.17           21.19  | 62.17            79.1  | 21.19            89.0  |  79.1            89.0  |
         54.95          |         62.17          |         70.19          |          79.1          |
----------------------------------------------------------------------------------------------------
         62.17          |         21.19          |          79.1          |          89.0          |
 54.95           62.17  | 54.95           70.19  | 62.17            79.1  | 70.19            79.1  |
         48.46          |         62.17          |         62.17          |          79.1          |
----------------------------------------------------------------------------------------------------
         54.95          |          0.0           |         70.19          |          0.0           |
 48.46           48.46  |  0.0             0.0   | 62.17           62.17  |  0.0             0.0   |
         42.61          |          0.0           |         54.95          |          0.0           |
----------------------------------------------------------------------------------------------------
         48.46          |         48.46          |         62.17          |         48.46          |
 42.61           48.46  | 42.61           54.95  | 48.46           48.46  | 54.95           48.46  |
         42.61          |         48.46          |         54.95          |         48.46          |
----------------------------------------------------------------------------------------------------


					*********************
					GRID WITH REWARD = 0:
					*********************

----------------------------------------------------------------------------------------------------
          72.9          |          81.0          |          90.0          |         100.0          |
  72.9            81.0  |  72.9            90.0  |  81.0           100.0  |  90.0           100.0  |
         65.61          |          22.9          |          81.0          |          90.0          |
----------------------------------------------------------------------------------------------------
          72.9          |          81.0          |          90.0          |         100.0          |
 65.61            22.9  | 65.61            81.0  |  22.9            90.0  |  81.0            90.0  |
         59.05          |         65.61          |          72.9          |          81.0          |
----------------------------------------------------------------------------------------------------
         65.61          |          22.9          |          81.0          |          90.0          |
 59.05           65.61  | 59.05            72.9  | 65.61            81.0  |  72.9            81.0  |
         53.14          |         65.61          |         65.61          |          81.0          |
----------------------------------------------------------------------------------------------------
         59.05          |          0.0           |          72.9          |          0.0           |
 53.14           53.14  |  0.0             0.0   | 65.61           65.61  |  0.0             0.0   |
         47.83          |          0.0           |         59.05          |          0.0           |
----------------------------------------------------------------------------------------------------
         53.14          |         53.14          |         65.61          |         53.14          |
 47.83           53.14  | 47.83           59.05  | 53.14           53.14  | 59.05           53.14  |
         47.83          |         53.14          |         59.05          |         53.14          |
----------------------------------------------------------------------------------------------------